0.000000000000000000e+00 1.732050807568877637e+00
0.000000000000000000e+00 1.414213562373095812e+00
0.000000000000000000e+00 1.732050807568877637e+00
0.000000000000000000e+00 1.290994448735806266e+00
0.000000000000000000e+00 1.712697677155350595e+00
0.000000000000000000e+00 1.336549152243806660e+00
0.000000000000000000e+00 1.628436152438179851e+00
0.000000000000000000e+00 1.419330149577324729e+00
0.000000000000000000e+00 1.556750628851699902e+00
0.000000000000000000e+00 1.460678158360451562e+00
0.000000000000000000e+00 1.544107839921113001e+00
0.000000000000000000e+00 1.448901939699682950e+00
0.000000000000000000e+00 1.564500085917823746e+00
0.000000000000000000e+00 1.431783794658055609e+00
0.000000000000000000e+00 1.567701045607340582e+00
0.000000000000000000e+00 1.443526413642756356e+00
0.000000000000000000e+00 1.544570973022784788e+00
0.000000000000000000e+00 1.468741309836334885e+00
0.000000000000000000e+00 1.525291252558716337e+00
0.000000000000000000e+00 1.476288954287825472e+00
0.000000000000000000e+00 1.529242362046932868e+00
0.000000000000000000e+00 1.464919957435592890e+00
0.000000000000000000e+00 1.540866535805652582e+00
0.000000000000000000e+00 1.458923774140969964e+00
0.000000000000000000e+00 1.537920610147618605e+00
0.000000000000000000e+00 1.469610870012234116e+00
0.000000000000000000e+00 1.523521225172026039e+00
0.000000000000000000e+00 1.482085060275934563e+00
0.000000000000000000e+00 1.517130464733527972e+00
0.000000000000000000e+00 1.480838334329162453e+00
0.000000000000000000e+00 1.524058485401842633e+00
0.000000000000000000e+00 1.472189513879809564e+00
0.000000000000000000e+00 1.529886091219554878e+00
0.000000000000000000e+00 1.472002866254404241e+00
0.000000000000000000e+00 1.524088341052122875e+00
0.000000000000000000e+00 1.481382839308492461e+00
0.000000000000000000e+00 1.514797189108144426e+00
0.000000000000000000e+00 1.487035244925584809e+00
0.000000000000000000e+00 1.514487548263738326e+00
0.000000000000000000e+00 1.482571841576544758e+00
0.000000000000000000e+00 1.521069163206269170e+00
0.000000000000000000e+00 1.477177946304870648e+00
0.000000000000000000e+00 1.522604516863749868e+00
0.000000000000000000e+00 1.480281391804311175e+00
0.000000000000000000e+00 1.516064727343553464e+00
0.000000000000000000e+00 1.487553239433159646e+00
0.000000000000000000e+00 1.510899605561168535e+00
0.000000000000000000e+00 1.488755110915239044e+00
0.000000000000000000e+00 1.513680933817306062e+00
0.000000000000000000e+00 1.483632927641790111e+00
0.000000000000000000e+00 1.518528538013582008e+00
0.000000000000000000e+00 1.481384308506718650e+00
0.000000000000000000e+00 1.517052993225705304e+00
0.000000000000000000e+00 1.486000130659006047e+00
0.000000000000000000e+00 1.511186409228628902e+00
0.000000000000000000e+00 1.490719696392031945e+00
0.000000000000000000e+00 1.509393151800915822e+00
0.000000000000000000e+00 1.489114191669235421e+00
0.000000000000000000e+00 1.513353148089464639e+00
0.000000000000000000e+00 1.484790808531960549e+00
0.000000000000000000e+00 1.515947203655263253e+00
0.000000000000000000e+00 1.485158136657536154e+00
0.000000000000000000e+00 1.512702651450495761e+00
0.000000000000000000e+00 1.489917340019229597e+00
0.000000000000000000e+00 1.508384255145656994e+00
0.000000000000000000e+00 1.492075035918702053e+00
0.000000000000000000e+00 1.509093185580684393e+00
0.000000000000000000e+00 1.489044968515099043e+00
0.000000000000000000e+00 1.512890788923917373e+00
0.000000000000000000e+00 1.486294543612066699e+00
0.000000000000000000e+00 1.513284091282402599e+00
0.000000000000000000e+00 1.488478877127322964e+00
0.000000000000000000e+00 1.509421466550155522e+00
0.000000000000000000e+00 1.492396496384254423e+00
0.000000000000000000e+00 1.507035737081207305e+00
0.000000000000000000e+00 1.492365813500029503e+00
0.000000000000000000e+00 1.509275944634119071e+00
0.000000000000000000e+00 1.489067075240189109e+00
0.000000000000000000e+00 1.512043691153253988e+00
0.000000000000000000e+00 1.488127783207309429e+00
0.000000000000000000e+00 1.510686362113451420e+00
0.000000000000000000e+00 1.491218843789879234e+00
0.000000000000000000e+00 1.507158746904868618e+00
0.000000000000000000e+00 1.493717768614537089e+00
0.000000000000000000e+00 1.506657456632963799e+00
0.000000000000000000e+00 1.492142875507535660e+00
0.000000000000000000e+00 1.509468889390647828e+00
0.000000000000000000e+00 1.489443043982916715e+00
0.000000000000000000e+00 1.510786844582463484e+00
0.000000000000000000e+00 1.490129984878208358e+00
0.000000000000000000e+00 1.508360666372478232e+00
0.000000000000000000e+00 1.493264178452862634e+00
0.000000000000000000e+00 1.505828731740502802e+00
0.000000000000000000e+00 1.494171539485785516e+00
0.000000000000000000e+00 1.506826741214895238e+00
0.000000000000000000e+00 1.491821977670920951e+00
0.000000000000000000e+00 1.509389036713218113e+00
0.000000000000000000e+00 1.490244614541510026e+00
0.000000000000000000e+00 1.509239912638345782e+00
0.000000000000000000e+00 1.492080239554754773e+00
0.000000000000000000e+00 1.506492434847533923e+00
0.000000000000000000e+00 1.494574795232091358e+00
0.000000000000000000e+00 1.505274876875315027e+00
0.000000000000000000e+00 1.494069006300203561e+00
0.000000000000000000e+00 1.507180218889044188e+00
0.000000000000000000e+00 1.491689352182264283e+00
0.000000000000000000e+00 1.508916759401446761e+00
0.000000000000000000e+00 1.491401717155802720e+00
0.000000000000000000e+00 1.507600282087101728e+00
0.000000000000000000e+00 1.493763890217320478e+00
0.000000000000000000e+00 1.505195244071529270e+00
0.000000000000000000e+00 1.495205542004708787e+00
0.000000000000000000e+00 1.505276892226648844e+00
0.000000000000000000e+00 1.493717239853569634e+00
0.000000000000000000e+00 1.507435998938587041e+00
0.000000000000000000e+00 1.491898795101300745e+00
0.000000000000000000e+00 1.508069478379707062e+00
0.000000000000000000e+00 1.492753111055242776e+00
0.000000000000000000e+00 1.506082127623844968e+00
0.000000000000000000e+00 1.495022608608602699e+00
0.000000000000000000e+00 1.504486895073329222e+00
0.000000000000000000e+00 1.495298216739764374e+00
0.000000000000000000e+00 1.505581662789577280e+00
0.000000000000000000e+00 1.493382563202280133e+00
0.000000000000000000e+00 1.507415058279827358e+00
0.000000000000000000e+00 1.492478470516182654e+00
0.000000000000000000e+00 1.506965337301616081e+00
0.000000000000000000e+00 1.494099739192679577e+00
0.000000000000000000e+00 1.504865003483789820e+00
0.000000000000000000e+00 1.495784462255139502e+00
0.000000000000000000e+00 1.504290326072503792e+00
0.000000000000000000e+00 1.495052795567928250e+00
0.000000000000000000e+00 1.505944171143982491e+00
0.000000000000000000e+00 1.493257377165069233e+00
0.000000000000000000e+00 1.507049663059332190e+00
0.000000000000000000e+00 1.493352909835903741e+00
0.000000000000000000e+00 1.505778047202682490e+00
0.000000000000000000e+00 1.495255127106250859e+00
0.000000000000000000e+00 1.504057762632132533e+00
0.000000000000000000e+00 1.496071861890866828e+00
0.000000000000000000e+00 1.504455202091390387e+00
0.000000000000000000e+00 1.494687332291038118e+00
0.000000000000000000e+00 1.506166722715996498e+00
0.000000000000000000e+00 1.493440105057546319e+00
0.000000000000000000e+00 1.506374249064618809e+00
0.000000000000000000e+00 1.494378393354311108e+00
0.000000000000000000e+00 1.504689278065269864e+00
0.000000000000000000e+00 1.496085503812930373e+00
0.000000000000000000e+00 1.503681998129252628e+00
0.000000000000000000e+00 1.495988670779295981e+00
0.000000000000000000e+00 1.504793243570891503e+00
0.000000000000000000e+00 1.494396552239530163e+00
0.000000000000000000e+00 1.506127286521808717e+00
0.000000000000000000e+00 1.493932975090206838e+00
0.000000000000000000e+00 1.505499928715259506e+00
0.000000000000000000e+00 1.495385556955591166e+00
0.000000000000000000e+00 1.503846629844894256e+00
0.000000000000000000e+00 1.496533674051733653e+00
0.000000000000000000e+00 1.503675818236531292e+00
0.000000000000000000e+00 1.495691371179757034e+00
0.000000000000000000e+00 1.505118539593583993e+00
0.000000000000000000e+00 1.494318215351722490e+00
0.000000000000000000e+00 1.505791260973219137e+00
0.000000000000000000e+00 1.494657619046930730e+00
0.000000000000000000e+00 1.504577990561953182e+00
0.000000000000000000e+00 1.496221123677072384e+00
0.000000000000000000e+00 1.503334290736135337e+00
0.000000000000000000e+00 1.496623814766697036e+00
0.000000000000000000e+00 1.503914984061728077e+00
0.000000000000000000e+00 1.495351855039333877e+00
0.000000000000000000e+00 1.505283907725672998e+00
0.000000000000000000e+00 1.494513812581282020e+00
0.000000000000000000e+00 1.505205130081652021e+00
0.000000000000000000e+00 1.495484408855253911e+00
0.000000000000000000e+00 1.503760140597919515e+00
0.000000000000000000e+00 1.496780917121074861e+00
0.000000000000000000e+00 1.503160764641766622e+00
0.000000000000000000e+00 1.496448224762525481e+00
0.000000000000000000e+00 1.504245294268796940e+00
0.000000000000000000e+00 1.495120455429460815e+00
0.000000000000000000e+00 1.505205926698552465e+00
0.000000000000000000e+00 1.494966567943108116e+00
0.000000000000000000e+00 1.504474556284919107e+00
0.000000000000000000e+00 1.496268668726799866e+00
0.000000000000000000e+00 1.503163618514379296e+00
0.000000000000000000e+00 1.497028415922591060e+00
0.000000000000000000e+00 1.503264395987922608e+00
0.000000000000000000e+00 1.496140608587492205e+00
0.000000000000000000e+00 1.504518318210527728e+00
0.000000000000000000e+00 1.495097060146305168e+00
0.000000000000000000e+00 1.504874239709159678e+00
0.000000000000000000e+00 1.495595802750501413e+00
0.000000000000000000e+00 1.503732666486972569e+00
0.000000000000000000e+00 1.496885812746497457e+00
0.000000000000000000e+00 1.502847840737579599e+00
0.000000000000000000e+00 1.496996425984032708e+00
0.000000000000000000e+00 1.503533754532546673e+00
0.000000000000000000e+00 1.495842896955833057e+00
0.000000000000000000e+00 1.504622513665175632e+00
0.000000000000000000e+00 1.495315794310287494e+00
0.000000000000000000e+00 1.504344430748744799e+00
0.000000000000000000e+00 1.496283289084226364e+00
0.000000000000000000e+00 1.503106015680744978e+00
0.000000000000000000e+00 1.497258174527118291e+00
0.000000000000000000e+00 1.502806357482528110e+00
0.000000000000000000e+00 1.496773148496198802e+00
0.000000000000000000e+00 1.503837084900192966e+00
0.000000000000000000e+00 1.495673398567457291e+00
0.000000000000000000e+00 1.504503375412535870e+00
0.000000000000000000e+00 1.495745413835686488e+00
0.000000000000000000e+00 1.503717384531046086e+00
0.000000000000000000e+00 1.496904955879030386e+00
0.000000000000000000e+00 1.502685684755638684e+00
0.000000000000000000e+00 1.497368558006058947e+00
0.000000000000000000e+00 1.502974393023080335e+00
0.000000000000000000e+00 1.496477144929951208e+00
0.000000000000000000e+00 1.504053560358327157e+00
0.000000000000000000e+00 1.495703151089629479e+00
0.000000000000000000e+00 1.504169129118674064e+00
0.000000000000000000e+00 1.496303987537709101e+00
0.000000000000000000e+00 1.503110772267002959e+00
0.000000000000000000e+00 1.497360626066589706e+00
0.000000000000000000e+00 1.502509308173535896e+00
0.000000000000000000e+00 1.497258764231375050e+00
0.000000000000000000e+00 1.503248880195596993e+00
0.000000000000000000e+00 1.496227744323832098e+00
0.000000000000000000e+00 1.504099261013406963e+00
0.000000000000000000e+00 1.495944996094855206e+00
0.000000000000000000e+00 1.503681923935816567e+00
0.000000000000000000e+00 1.496883435579454025e+00
0.000000000000000000e+00 1.502629611582313895e+00
0.000000000000000000e+00 1.497595421516046521e+00
0.000000000000000000e+00 1.502557006008729878e+00
0.000000000000000000e+00 1.497014764772673034e+00
0.000000000000000000e+00 1.503515425645091774e+00
0.000000000000000000e+00 1.496117912965463814e+00
0.000000000000000000e+00 1.503942504879011377e+00
0.000000000000000000e+00 1.496356743557506919e+00
0.000000000000000000e+00 1.503137696535264745e+00
0.000000000000000000e+00 1.497377650186758391e+00
0.000000000000000000e+00 1.502342527953999696e+00
0.000000000000000000e+00 1.497608777999877017e+00
0.000000000000000000e+00 1.502760910238078118e+00
0.000000000000000000e+00 1.496743018727975327e+00
0.000000000000000000e+00 1.503675543226006273e+00
0.000000000000000000e+00 1.496195501770559932e+00
0.000000000000000000e+00 1.503605941540255397e+00
0.000000000000000000e+00 1.496856556507138336e+00
0.000000000000000000e+00 1.502640174204360246e+00
0.000000000000000000e+00 1.497707586790611556e+00
0.000000000000000000e+00 1.502268572336793007e+00
0.000000000000000000e+00 1.497450078234068060e+00
0.000000000000000000e+00 1.503024980222657625e+00
0.000000000000000000e+00 1.496544063911212419e+00
0.000000000000000000e+00 1.503667937247093356e+00
0.000000000000000000e+00 1.496456449016616563e+00
0.000000000000000000e+00 1.503155993455833617e+00
0.000000000000000000e+00 1.497346087452127605e+00
0.000000000000000000e+00 1.502275396225569715e+00
0.000000000000000000e+00 1.497837873615774029e+00
0.000000000000000000e+00 1.502376714867512897e+00
0.000000000000000000e+00 1.497203002067845512e+00
0.000000000000000000e+00 1.503249741219079283e+00
0.000000000000000000e+00 1.496489658018318902e+00
0.000000000000000000e+00 1.503479423163479378e+00
0.000000000000000000e+00 1.496850545397648835e+00
0.000000000000000000e+00 1.502683061114735485e+00
0.000000000000000000e+00 1.497735469989155188e+00
0.000000000000000000e+00 1.502092542184993107e+00
0.000000000000000000e+00 1.497781804361997704e+00
0.000000000000000000e+00 1.502597110898958199e+00
0.000000000000000000e+00 1.496963104025047508e+00
0.000000000000000000e+00 1.503355856837271576e+00
0.000000000000000000e+00 1.496608464621206558e+00
0.000000000000000000e+00 1.503143759453955841e+00
0.000000000000000000e+00 1.497297466211749306e+00
0.000000000000000000e+00 1.502277772915479259e+00
0.000000000000000000e+00 1.497964263762423975e+00
0.000000000000000000e+00 1.502094993004565060e+00
0.000000000000000000e+00 1.497594461637561380e+00
0.000000000000000000e+00 1.502840618423057162e+00
0.000000000000000000e+00 1.496814349580405157e+00
0.000000000000000000e+00 1.503301149099866674e+00
0.000000000000000000e+00 1.496882954141835365e+00
0.000000000000000000e+00 1.502729569637108131e+00
0.000000000000000000e+00 1.497708585979470763e+00
0.000000000000000000e+00 1.502009092284322556e+00
0.000000000000000000e+00 1.498013791862130129e+00
0.000000000000000000e+00 1.502242919612146288e+00
0.000000000000000000e+00 1.497356474186780417e+00
0.000000000000000000e+00 1.503021399598473584e+00
0.000000000000000000e+00 1.496810167337924158e+00
0.000000000000000000e+00 1.503087569732807882e+00
0.000000000000000000e+00 1.497257414914189955e+00
0.000000000000000000e+00 1.502320978208629976e+00
0.000000000000000000e+00 1.498009065158171449e+00
0.000000000000000000e+00 1.501909254767963109e+00
0.000000000000000000e+00 1.497908616629965994e+00
0.000000000000000000e+00 1.502465941416873285e+00
0.000000000000000000e+00 0.000000000000000000e+00
